1.063476562500000000e+01 -2.511770081540114319e+01
1.063476562500000000e+01 -2.470643953083339994e+01
1.054687500000000000e+01 -2.425556427689094363e+01
1.045898437500000000e+01 -2.380629588876632141e+01
1.050292968750000000e+01 -2.339922124759178601e+01
1.063476562500000000e+01 -2.299349160058134700e+01
1.059082031250000000e+01 -2.262919669056089234e+01
1.103027343750000000e+01 -2.548905386739748735e+01
1.098632812500000000e+01 -2.513830313404631056e+01
1.094238281250000000e+01 -2.474747979540519083e+01
1.089843750000000000e+01 -2.427601784482477143e+01
1.089843750000000000e+01 -2.384707321459244866e+01
1.094238281250000000e+01 -2.348053533579190955e+01
1.089843750000000178e+01 -2.299339431429780234e+01
1.098632812500000000e+01 -2.258878350937139956e+01
1.142578125000000000e+01 -2.594447977237000913e+01
1.142578124999999822e+01 -2.561308321640181518e+01
1.133789062499999822e+01 -2.520012401277418235e+01
1.129394531250000000e+01 -2.474747979540519083e+01
1.133789062500000000e+01 -2.429647799480565240e+01
1.129394531250000000e+01 -2.384707321459244866e+01
1.133789062499999822e+01 -2.339922124759178601e+01
1.133789062500000000e+01 -2.301365804038092833e+01
1.133789062499999822e+01 -2.258878350937139956e+01
1.190917968750000000e+01 -2.640168851793373150e+01
1.182128906250000000e+01 -2.600672200278513202e+01
1.175537109375000000e+01 -2.563377025241649676e+01
1.177734375000000000e+01 -2.520012401277418235e+01
1.173339843750000178e+01 -2.474747979540519083e+01
1.177734375000000000e+01 -2.429647799480565240e+01
1.173339843750000178e+01 -2.384707321459244866e+01
1.177734374999999822e+01 -2.339922124759178601e+01
1.175537109375000000e+01 -2.299339431429780234e+01
1.173339843750000000e+01 -2.258878350937139956e+01
1.234863281250000000e+01 -2.681890283061997593e+01
1.226074218750000000e+01 -2.644333415713020585e+01
1.221679687500000000e+01 -2.606899356989355709e+01
1.221679687500000000e+01 -2.561308321640181518e+01
1.221679687500000000e+01 -2.520012401277418235e+01
1.221679687500000000e+01 -2.474747979540519083e+01
1.221679687500000000e+01 -2.429647799480565240e+01
1.221679687500000000e+01 -2.384707321459244866e+01
1.221679687500000000e+01 -2.339922124759178601e+01
1.217285156250000000e+01 -2.303392176646405431e+01
1.226074218750000000e+01 -2.266960987175038511e+01
1.265625000000000000e+01 -2.698621800072997701e+01
1.270019531250000000e+01 -2.652668569853655711e+01
1.270019531250000000e+01 -2.606899356989355709e+01
1.267822265625000000e+01 -2.563377025241649676e+01
1.265625000000000178e+01 -2.520012401277418235e+01
1.270019531250000000e+01 -2.474747979540519083e+01
1.265625000000000178e+01 -2.429647799480565240e+01
1.270019531249999822e+01 -2.384707321459244866e+01
1.265625000000000000e+01 -2.341954664253007223e+01
1.263427734375000000e+01 -2.299339431429780234e+01
1.252441406250000000e+01 -2.262919669056089234e+01
1.318359375000000178e+01 -2.727961273597809466e+01
1.309570312500000178e+01 -2.694435818047573505e+01
1.311767578125000178e+01 -2.652668569853655711e+01
1.313964843749999822e+01 -2.606899356989355709e+01
1.311767578125000000e+01 -2.563377025241649676e+01
1.309570312500000355e+01 -2.520012401277418235e+01
1.313964843750000000e+01 -2.474747979540519083e+01
1.309570312500000178e+01 -2.429647799480565240e+01
1.309570312500000178e+01 -2.384707321459244866e+01
1.300781250000000178e+01 -2.348053533579190955e+01
1.309570312500000178e+01 -2.307446141057874556e+01
1.353515625000000000e+01 -2.727961273597809466e+01
1.353515625000000178e+01 -2.694435818047573505e+01
1.353515625000000355e+01 -2.652668569853655711e+01
1.357910156249999822e+01 -2.606899356989355709e+01
1.355712890625000000e+01 -2.563377025241649676e+01
1.353515625000000178e+01 -2.520012401277418235e+01
1.357910156249999822e+01 -2.474747979540519083e+01
1.353515625000000178e+01 -2.429647799480565240e+01
1.349121093750000000e+01 -2.392866639623432334e+01
1.344726562500000178e+01 -2.348053533579190955e+01
1.340332031250000000e+01 -2.311501940529877785e+01
1.410644531250000000e+01 -2.732159842282528928e+01
1.397460937500000000e+01 -2.694435818047573505e+01
1.397460937500000000e+01 -2.648500237575873228e+01
1.401855468750000000e+01 -2.606899356989355709e+01
1.401855468750000000e+01 -2.565445728843117834e+01
1.401855468750000000e+01 -2.520012401277418235e+01
1.397460937499999822e+01 -2.474747979540519083e+01
1.388671875000000000e+01 -2.437835822153069998e+01
1.388671874999999822e+01 -2.396948231775968097e+01
1.445800781249999645e+01 -2.686070067444365961e+01
1.445800781249999822e+01 -2.648500992783338148e+01
1.437011718750000000e+01 -2.611052756807717401e+01
1.437011718750000000e+01 -2.561308321640181518e+01
1.441406249999999822e+01 -2.528260304331199748e+01
1.437011718749999822e+01 -2.482966205211921107e+01
1.432617187499999822e+01 -2.446029150900375271e+01
2.091796875000000000e+01 -3.217805154115514199e+01
2.083007812500000000e+01 -3.191400482422664808e+01
2.074218750000000000e+01 -3.147560033236109689e+01
2.083007812500000355e+01 -3.121354228767877714e+01
2.135742187500000355e+01 -3.261984193929210107e+01
2.126953125000000000e+01 -3.226623714406662913e+01
2.126953125000000000e+01 -3.191400482422664808e+01
2.118164062500000000e+01 -3.147560033236109689e+01
2.118164062500000000e+01 -3.112635112373768820e+01
2.184082031250000000e+01 -3.310835568914108507e+01
2.170898437500000000e+01 -3.275281467880178354e+01
2.170898437500000355e+01 -3.235450852288114731e+01
2.166503906250000355e+01 -3.195795980611962506e+01
2.164306640625000000e+01 -3.160690457236038498e+01
2.170898437500000000e+01 -3.112635112373768820e+01
2.214843750000000000e+01 -3.315288792861988298e+01
2.214843750000000000e+01 -3.270846106177992141e+01
2.212646484375000000e+01 -3.237659252252434072e+01
2.210449218750000000e+01 -3.195795980611962506e+01
2.214843750000000000e+01 -3.147560033236109689e+01
2.210449218750000000e+01 -3.116994670570823445e+01
2.258789062500000000e+01 -3.324204293491423812e+01
2.254394531250000000e+01 -3.275281467880178354e+01
2.247802734375000000e+01 -3.237659252252434072e+01
2.250000000000000355e+01 -3.200193583459203239e+01
2.258789062500000000e+01 -3.147560033236109689e+01
2.241210937500000355e+01 -3.121354228767877714e+01
2.302734374999999645e+01 -3.324204293491423812e+01
2.302734375000000000e+01 -3.279716829582364568e+01
2.302734374999999645e+01 -3.235450852288114731e+01
2.302734375000000000e+01 -3.191400482422664808e+01
2.302734374999999645e+01 -3.156311596159594401e+01
2.329101562500000000e+01 -3.324208844515082717e+01
2.342285156250000000e+01 -3.275281467880178354e+01
2.346679687500000000e+01 -3.235450852288114731e+01
2.346679687500000000e+01 -3.191400482422664808e+01
2.337890625000000000e+01 -3.165071378660752544e+01
2.377441406250000000e+01 -3.266415150053600769e+01
2.381835937499999645e+01 -3.235450852288114731e+01
2.377441406250000000e+01 -3.204594354543616674e+01
